%%Time, Lontitude, Latitude, Mag, Depth, fc, fc1, fc2, fmax, fmax1, fmax2, p, p1, p2, Mo, Mw, Rupture(m), strssdrop(MPa)	
2017-02-14 17:31:24 120.805 38.100 2.80 10.0 3.445 3.284 3.607 NaN NaN NaN NaN NaN NaN 2.377e+13 2.89 345.9 0.0251
2017-03-03 02:48:35 120.761 38.024 4.50 10.0 1.757 1.726 1.788 NaN NaN NaN NaN NaN NaN 1.323e+15 4.06 678.1 0.1856
2017-03-06 01:03:13 120.761 38.082 3.40 10.0 2.438 2.390 2.485 NaN NaN NaN NaN NaN NaN 1.016e+14 3.31 488.9 0.0380
2017-03-09 19:48:45 120.786 38.100 2.50 9.0 4.128 3.997 4.259 NaN NaN NaN NaN NaN NaN 1.353e+13 2.73 288.7 0.0246
2017-03-10 06:22:21 120.762 38.097 3.20 10.0 3.180 3.097 3.263 NaN NaN NaN NaN NaN NaN 4.101e+13 3.05 374.8 0.0341
2017-03-13 00:18:01 120.780 38.093 2.60 9.0 2.370 2.332 2.407 NaN NaN NaN NaN NaN NaN 2.546e+13 2.91 502.9 0.0088
2017-03-14 07:56:22 120.812 38.095 2.60 10.0 2.270 2.213 2.328 NaN NaN NaN NaN NaN NaN 2.724e+13 2.93 525.0 0.0082
2017-03-14 07:58:28 120.810 38.101 3.60 10.0 2.805 2.755 2.855 NaN NaN NaN NaN NaN NaN 1.743e+14 3.47 424.9 0.0994
2017-03-15 06:57:55 120.791 38.095 2.80 10.0 2.708 2.652 2.764 NaN NaN NaN NaN NaN NaN 3.048e+13 2.96 440.1 0.0156
2017-03-16 05:23:08 120.764 38.096 3.50 10.0 4.162 4.014 4.310 NaN NaN NaN NaN NaN NaN 7.394e+13 3.22 286.3 0.1378
2017-03-16 18:31:26 120.784 38.094 2.80 12.0 2.120 2.069 2.171 NaN NaN NaN NaN NaN NaN 3.105e+13 2.97 562.1 0.0076
2017-03-17 23:38:59 120.765 38.096 3.30 10.0 3.322 3.223 3.421 NaN NaN NaN NaN NaN NaN 5.420e+13 3.13 358.8 0.0514
2017-03-18 07:40:30 120.791 38.098 2.80 10.0 3.249 3.163 3.336 NaN NaN NaN NaN NaN NaN 2.333e+13 2.89 366.8 0.0207
2017-03-18 11:22:47 120.784 38.098 2.60 9.0 3.398 3.292 3.504 NaN NaN NaN NaN NaN NaN 1.628e+13 2.78 350.7 0.0165
2017-03-19 00:23:02 120.782 38.102 2.60 11.0 3.793 3.683 3.904 NaN NaN NaN NaN NaN NaN 1.316e+13 2.72 314.2 0.0186
2017-03-19 14:32:36 120.769 38.097 3.30 15.0 3.006 2.912 3.099 NaN NaN NaN NaN NaN NaN 6.255e+13 3.17 396.5 0.0439
2017-03-20 10:03:52 120.783 38.102 2.70 15.0 3.074 3.002 3.146 NaN NaN NaN NaN NaN NaN 2.276e+13 2.88 387.6 0.0171
2017-03-20 21:55:09 120.766 38.098 3.00 17.0 3.655 3.572 3.739 NaN NaN NaN NaN NaN NaN 3.253e+13 2.98 326.0 0.0411
2017-03-21 00:54:40 120.773 38.081 4.10 6.0 1.715 1.688 1.743 NaN NaN NaN NaN NaN NaN 2.928e+14 3.62 694.8 0.0382
2017-03-21 02:46:33 120.778 38.114 2.60 9.0 2.535 2.455 2.614 NaN NaN NaN NaN NaN NaN 2.168e+13 2.87 470.2 0.0091
2017-03-21 04:44:04 120.760 38.090 2.90 10.0 2.779 2.716 2.843 NaN NaN NaN NaN NaN NaN 3.495e+13 3.00 428.8 0.0194
2017-03-21 05:33:14 120.804 38.073 2.70 9.0 3.164 3.047 3.282 NaN NaN NaN NaN NaN NaN 2.697e+13 2.93 376.6 0.0221
2017-03-21 13:37:42 120.802 38.083 2.60 12.0 1.941 1.906 1.976 NaN NaN NaN NaN NaN NaN 3.429e+13 3.00 614.0 0.0065
2017-03-22 00:22:36 120.785 38.098 2.90 10.0 3.266 3.189 3.342 NaN NaN NaN NaN NaN NaN 3.748e+13 3.02 364.9 0.0337
2017-03-22 07:13:39 120.795 38.093 3.20 14.0 2.775 2.735 2.815 NaN NaN NaN NaN NaN NaN 4.925e+13 3.10 429.5 0.0272
2017-03-24 13:05:19 120.780 38.103 2.60 7.0 2.366 2.311 2.421 NaN NaN NaN NaN NaN NaN 2.668e+13 2.93 503.8 0.0091
2017-03-24 13:07:01 120.790 38.107 2.60 9.0 3.000 2.933 3.068 NaN NaN NaN NaN NaN NaN 1.836e+13 2.82 397.2 0.0128
2017-03-25 02:26:39 120.809 38.092 2.60 10.0 4.245 4.095 4.395 NaN NaN NaN NaN NaN NaN 1.232e+13 2.70 280.7 0.0244
2017-03-26 13:57:41 120.773 38.089 2.60 9.0 2.676 2.630 2.723 NaN NaN NaN NaN NaN NaN 2.104e+13 2.86 445.3 0.0104
2017-03-26 14:18:48 120.777 38.090 2.70 9.0 2.816 2.771 2.861 NaN NaN NaN NaN NaN NaN 2.563e+13 2.91 423.2 0.0148
2017-03-27 04:12:31 120.761 38.098 3.20 15.0 2.399 2.354 2.444 NaN NaN NaN NaN NaN NaN 6.966e+13 3.20 496.8 0.0249
2017-03-27 22:32:40 120.779 38.113 2.70 15.0 3.927 3.804 4.049 NaN NaN NaN NaN NaN NaN 1.947e+13 2.83 303.5 0.0305
2017-03-29 07:02:23 120.776 38.105 2.70 10.0 3.846 3.760 3.932 NaN NaN NaN NaN NaN NaN 2.240e+13 2.87 309.8 0.0329
2017-03-30 21:22:03 120.761 38.101 3.20 15.0 2.988 2.872 3.104 NaN NaN NaN NaN NaN NaN 6.988e+13 3.20 398.9 0.0482
2017-03-31 09:34:08 120.773 38.104 2.70 13.0 2.596 2.537 2.654 NaN NaN NaN NaN NaN NaN 2.555e+13 2.91 459.1 0.0116
2017-03-31 10:28:39 120.790 38.102 2.60 12.0 2.317 2.245 2.389 NaN NaN NaN NaN NaN NaN 3.344e+13 2.99 514.3 0.0108
2017-03-31 10:38:30 120.786 38.110 2.70 15.0 2.900 2.824 2.975 NaN NaN NaN NaN NaN NaN 2.872e+13 2.95 411.0 0.0181
2017-03-31 17:48:08 120.774 38.096 3.50 15.0 2.251 2.217 2.285 NaN NaN NaN NaN NaN NaN 1.423e+14 3.41 529.5 0.0419
2017-03-31 18:41:59 120.777 38.102 3.00 15.0 2.898 2.803 2.992 NaN NaN NaN NaN NaN NaN 4.112e+13 3.05 411.3 0.0259
2017-04-05 11:05:44 120.772 38.110 2.80 15.0 2.253 2.192 2.314 NaN NaN NaN NaN NaN NaN 3.684e+13 3.02 529.0 0.0109
2017-04-05 14:54:31 120.797 38.103 2.80 15.0 4.039 3.669 4.408 NaN NaN NaN NaN NaN NaN 2.624e+13 2.92 295.1 0.0447
2017-04-07 05:59:24 120.777 38.100 3.30 10.0 3.264 3.148 3.381 NaN NaN NaN NaN NaN NaN 6.108e+13 3.17 365.1 0.0549
2017-04-08 02:08:37 120.797 38.075 4.00 15.0 1.898 1.868 1.929 NaN NaN NaN NaN NaN NaN 6.055e+14 3.83 627.8 0.1071
2017-04-08 07:44:41 120.760 38.102 3.50 6.0 3.167 3.091 3.242 NaN NaN NaN NaN NaN NaN 9.279e+13 3.29 376.3 0.0762
2017-04-08 10:16:45 120.779 38.089 2.90 9.0 3.798 3.711 3.886 NaN NaN NaN NaN NaN NaN 2.636e+13 2.92 313.8 0.0373
2017-04-08 22:24:33 120.774 38.106 2.60 9.0 3.783 3.621 3.945 NaN NaN NaN NaN NaN NaN 1.976e+13 2.84 315.1 0.0276
2017-04-12 19:26:32 120.788 38.107 2.80 11.0 3.289 3.222 3.357 NaN NaN NaN NaN NaN NaN 2.498e+13 2.91 362.3 0.0230
2017-04-13 01:44:30 120.767 38.090 3.40 11.0 2.606 2.545 2.667 NaN NaN NaN NaN NaN NaN 1.625e+14 3.45 457.3 0.0744
2017-04-13 08:29:25 120.783 38.078 2.70 12.0 3.621 3.527 3.716 NaN NaN NaN NaN NaN NaN 1.859e+13 2.82 329.1 0.0228
2017-04-14 07:49:50 120.803 38.092 3.30 10.0 2.610 2.549 2.672 NaN NaN NaN NaN NaN NaN 8.710e+13 3.27 456.5 0.0400
2017-04-14 19:15:47 120.772 38.096 2.90 12.0 3.643 3.554 3.733 NaN NaN NaN NaN NaN NaN 2.312e+13 2.88 327.1 0.0289
2017-04-16 17:02:46 120.790 38.098 3.20 15.0 2.625 2.565 2.684 NaN NaN NaN NaN NaN NaN 6.313e+13 3.17 454.0 0.0295
2017-04-16 17:07:43 120.775 38.101 2.80 9.0 3.972 3.836 4.108 NaN NaN NaN NaN NaN NaN 1.982e+13 2.84 300.1 0.0321
2017-04-16 22:00:27 120.752 38.103 3.00 11.0 3.264 3.182 3.347 NaN NaN NaN NaN NaN NaN 2.392e+13 2.89 365.1 0.0215
2017-04-17 05:51:02 120.760 38.099 2.60 9.0 6.691 6.459 6.923 NaN NaN NaN NaN NaN NaN 7.778e+12 2.57 178.1 0.0602
2017-04-18 03:31:23 120.771 38.100 2.60 9.0 3.893 3.793 3.994 NaN NaN NaN NaN NaN NaN 1.874e+13 2.82 306.1 0.0286
2017-04-18 08:55:50 120.784 38.086 2.60 7.0 2.207 2.178 2.237 NaN NaN NaN NaN NaN NaN 3.998e+13 3.04 539.9 0.0111
2017-04-20 07:37:21 120.777 38.107 2.60 16.0 3.535 3.460 3.610 NaN NaN NaN NaN NaN NaN 1.937e+13 2.83 337.1 0.0221
2017-04-21 16:16:30 120.781 38.088 2.60 7.0 3.048 2.965 3.132 NaN NaN NaN NaN NaN NaN 2.213e+13 2.87 391.0 0.0162
2017-04-22 11:21:53 120.782 38.101 3.40 9.0 3.108 3.025 3.192 NaN NaN NaN NaN NaN NaN 6.578e+13 3.19 383.4 0.0511
2017-04-27 02:20:37 120.785 38.111 2.80 12.0 5.659 5.422 5.897 NaN NaN NaN NaN NaN NaN 1.519e+13 2.76 210.6 0.0712
2017-05-03 06:17:57 120.775 38.093 2.70 12.0 3.130 3.054 3.206 NaN NaN NaN NaN NaN NaN 2.676e+13 2.93 380.7 0.0212
2017-05-03 15:23:42 120.783 38.081 3.30 15.0 3.522 3.401 3.644 NaN NaN NaN NaN NaN NaN 5.919e+13 3.16 338.3 0.0669
2017-05-04 02:12:07 120.799 38.096 2.60 9.0 4.521 4.369 4.674 NaN NaN NaN NaN NaN NaN 2.434e+13 2.90 263.6 0.0582
2017-05-04 12:40:00 120.777 38.087 3.30 10.0 3.607 3.519 3.694 NaN NaN NaN NaN NaN NaN 8.187e+13 3.25 330.4 0.0993
2017-05-13 14:38:25 120.782 38.106 2.70 12.0 1.444 1.359 1.530 NaN NaN NaN NaN NaN NaN 4.639e+13 3.09 825.1 0.0036
2017-05-18 10:27:34 120.790 38.109 2.80 11.0 2.547 2.508 2.586 NaN NaN NaN NaN NaN NaN 3.449e+13 3.00 467.9 0.0147
2017-05-19 18:06:01 120.800 38.080 3.00 12.0 3.930 3.769 4.091 NaN NaN NaN NaN NaN NaN 4.283e+13 3.06 303.3 0.0672
2017-06-02 21:33:39 120.783 38.080 3.20 15.0 4.153 3.964 4.341 NaN NaN NaN NaN NaN NaN 3.514e+13 3.01 287.0 0.0650
2017-06-03 00:54:37 120.765 38.095 2.80 14.0 4.634 4.501 4.766 NaN NaN NaN NaN NaN NaN 1.561e+13 2.77 257.2 0.0401
2017-06-03 09:21:29 120.778 38.096 2.90 15.0 3.353 3.262 3.444 NaN NaN NaN NaN NaN NaN 2.675e+13 2.93 355.4 0.0261
2017-06-03 19:32:15 120.787 38.085 2.90 15.0 5.229 4.990 5.467 NaN NaN NaN NaN NaN NaN 1.730e+13 2.80 227.9 0.0639
2017-06-04 00:43:59 120.778 38.086 3.10 15.0 2.631 2.579 2.683 NaN NaN NaN NaN NaN NaN 4.314e+13 3.06 452.9 0.0203
2017-06-04 03:04:45 120.783 38.084 3.10 15.0 2.441 2.400 2.482 NaN NaN NaN NaN NaN NaN 4.013e+13 3.04 488.2 0.0151
2017-06-04 06:57:57 120.758 38.090 3.20 15.0 2.491 2.435 2.547 NaN NaN NaN NaN NaN NaN 5.498e+13 3.13 478.4 0.0220
2017-06-04 13:19:03 120.795 38.086 2.90 15.0 2.510 2.456 2.563 NaN NaN NaN NaN NaN NaN 4.150e+13 3.05 474.9 0.0170
2017-06-04 17:48:12 120.776 38.095 2.70 9.0 2.382 2.348 2.416 NaN NaN NaN NaN NaN NaN 2.864e+13 2.95 500.3 0.0100
2017-06-04 19:41:42 120.760 38.085 3.30 15.0 4.245 4.077 4.412 NaN NaN NaN NaN NaN NaN 3.790e+13 3.03 280.8 0.0749
2017-06-05 08:23:29 120.781 38.098 2.70 10.0 2.755 2.705 2.805 NaN NaN NaN NaN NaN NaN 1.803e+13 2.81 432.5 0.0097
2017-06-07 01:59:03 120.763 38.089 3.20 9.0 2.598 2.529 2.666 NaN NaN NaN NaN NaN NaN 5.387e+13 3.13 458.8 0.0244
2017-06-08 14:19:21 120.790 38.049 2.80 9.0 4.248 4.142 4.354 NaN NaN NaN NaN NaN NaN 1.766e+13 2.81 280.5 0.0350
2017-06-09 19:58:05 120.785 38.090 3.50 15.0 2.354 2.313 2.396 NaN NaN NaN NaN NaN NaN 1.245e+14 3.37 506.2 0.0420
2017-06-10 03:35:53 120.774 38.093 2.90 15.0 2.285 2.176 2.393 NaN NaN NaN NaN NaN NaN 3.244e+13 2.98 521.6 0.0100
2017-06-10 18:18:08 120.785 38.092 2.70 15.0 3.541 3.469 3.614 NaN NaN NaN NaN NaN NaN 1.798e+13 2.81 336.5 0.0206
2017-06-11 08:16:04 120.769 38.088 2.60 10.0 2.253 2.224 2.282 NaN NaN NaN NaN NaN NaN 2.625e+13 2.92 529.0 0.0078
2017-06-13 22:21:26 120.726 38.082 3.40 15.0 2.552 2.488 2.617 NaN NaN NaN NaN NaN NaN 1.192e+14 3.36 466.9 0.0512
2017-06-17 15:57:33 120.759 38.090 2.60 9.0 4.837 4.664 5.009 NaN NaN NaN NaN NaN NaN 1.718e+13 2.80 246.4 0.0503
2017-06-18 01:35:57 120.762 38.088 3.00 7.0 5.473 5.217 5.730 NaN NaN NaN NaN NaN NaN 2.770e+13 2.94 217.7 0.1174
2017-06-18 16:33:48 120.730 38.071 4.10 5.0 2.144 2.104 2.185 NaN NaN NaN NaN NaN NaN 4.868e+14 3.77 555.8 0.1240
2017-06-20 08:28:01 120.760 38.085 3.50 7.0 3.164 3.096 3.232 NaN NaN NaN NaN NaN NaN 1.249e+14 3.37 376.7 0.1023
2017-06-20 09:16:20 120.780 38.086 2.70 7.0 4.211 4.095 4.327 NaN NaN NaN NaN NaN NaN 2.830e+13 2.94 283.0 0.0546
2017-06-20 11:14:52 120.758 38.089 3.20 7.0 2.929 2.840 3.017 NaN NaN NaN NaN NaN NaN 6.121e+13 3.17 406.9 0.0397
2017-06-21 02:39:03 120.761 38.079 2.70 7.0 3.353 3.234 3.472 NaN NaN NaN NaN NaN NaN 3.193e+13 2.98 355.4 0.0311
2017-07-03 10:28:27 120.776 38.100 2.60 10.0 5.117 4.831 5.404 NaN NaN NaN NaN NaN NaN 1.343e+13 2.73 232.9 0.0465
2017-07-03 16:19:41 120.776 38.100 3.00 7.0 4.729 4.552 4.905 NaN NaN NaN NaN NaN NaN 4.327e+13 3.07 252.0 0.1182
2017-07-04 12:11:17 120.771 38.084 2.80 4.0 2.711 2.647 2.775 NaN NaN NaN NaN NaN NaN 2.793e+13 2.94 439.6 0.0144
2017-09-26 12:01:02 120.790 38.101 3.30 11.0 3.097 3.008 3.186 NaN NaN NaN NaN NaN NaN 7.272e+13 3.22 384.8 0.0558
2018-02-20 17:09:06 120.779 37.955 2.60 9.0 3.071 2.908 3.235 NaN NaN NaN NaN NaN NaN 2.523e+13 2.91 388.0 0.0189
2018-07-24 10:20:45 120.603 37.890 2.90 11.0 2.765 2.700 2.831 NaN NaN NaN NaN NaN NaN 5.377e+13 3.13 431.0 0.0294
